[gd_scene load_steps=13 format=2]

[ext_resource path="res://parts/defaults/default_env.tres" type="Environment" id=1]
[ext_resource path="res://parts/defaults/texture_01.png" type="Texture" id=2]
[ext_resource path="res://parts/defaults/texture_02.png" type="Texture" id=3]
[ext_resource path="res://parts/character/character.tscn" type="PackedScene" id=4]

[sub_resource type="CubeMesh" id=1]
size = Vector3( 100, 1, 100 )
subdivide_width = 10
subdivide_height = 1
subdivide_depth = 10

[sub_resource type="SpatialMaterial" id=2]
albedo_texture = ExtResource( 2 )
uv1_scale = Vector3( 100, 65.375, 100 )

[sub_resource type="BoxShape" id=3]
extents = Vector3( 50, 0.5, 50 )

[sub_resource type="CubeMesh" id=4]

[sub_resource type="SpatialMaterial" id=5]
albedo_texture = ExtResource( 2 )
uv1_scale = Vector3( 0.5, 0.5, 0.5 )

[sub_resource type="BoxShape" id=6]

[sub_resource type="SpatialMaterial" id=7]
albedo_texture = ExtResource( 3 )
uv1_scale = Vector3( 2, 1, 3 )

[sub_resource type="SpatialMaterial" id=8]
albedo_texture = ExtResource( 3 )
uv1_scale = Vector3( 10, 1, 6 )

[node name="Spatial" type="Spatial"]

[node name="WorldEnvironment" type="WorldEnvironment" parent="."]
environment = ExtResource( 1 )

[node name="floormesh" type="MeshInstance" parent="."]
transform = Transform( 1, 0, 0, 0, 1, 0, 0, 0, 1, 0, -0.5, 0 )
mesh = SubResource( 1 )
material/0 = SubResource( 2 )

[node name="StaticBody" type="StaticBody" parent="floormesh"]

[node name="CollisionShape" type="CollisionShape" parent="floormesh/StaticBody"]
shape = SubResource( 3 )

[node name="MeshInstance" type="MeshInstance" parent="."]
transform = Transform( 0.794128, 0, 0.60775, 0, 1, 0, -0.60775, 0, 0.794128, 0.6051, 1, 2.88576 )
mesh = SubResource( 4 )
material/0 = SubResource( 5 )

[node name="StaticBody" type="StaticBody" parent="MeshInstance"]

[node name="CollisionShape" type="CollisionShape" parent="MeshInstance/StaticBody"]
shape = SubResource( 6 )

[node name="MeshInstance2" type="MeshInstance" parent="."]
transform = Transform( -0.285086, 0, 0.958502, 0, 1, 0, -0.958502, 0, -0.285086, -2.24128, 1, 2.18281 )
mesh = SubResource( 4 )
material/0 = SubResource( 7 )

[node name="StaticBody" type="StaticBody" parent="MeshInstance2"]

[node name="CollisionShape" type="CollisionShape" parent="MeshInstance2/StaticBody"]
shape = SubResource( 6 )

[node name="MeshInstance3" type="MeshInstance" parent="."]
transform = Transform( 5.78164, 0.118161, 0, -0.687986, 0.992994, 0, 0, 0, 1, -9.05474, -0.328615, -3.04208 )
mesh = SubResource( 4 )
material/0 = SubResource( 8 )

[node name="StaticBody" type="StaticBody" parent="MeshInstance3"]

[node name="CollisionShape" type="CollisionShape" parent="MeshInstance3/StaticBody"]
shape = SubResource( 6 )

[node name="DirectionalLight" type="DirectionalLight" parent="."]
transform = Transform( 0.6903, 0.506636, -0.516532, 0.564385, 0.069652, 0.822568, 0.45272, -0.859342, -0.237857, 0, 4.10351, 0 )
shadow_enabled = true
shadow_bias = 0.005
shadow_contact = 0.341
directional_shadow_split_1 = 0.102
directional_shadow_blend_splits = true

[node name="Camera" type="Camera" parent="."]
transform = Transform( -0.657691, -0.376644, 0.652367, 0, 0.866025, 0.5, -0.753288, 0.328845, -0.569577, 2.368, 4.828, -6.559 )

[node name="character" parent="." instance=ExtResource( 4 )]
transform = Transform( -0.882521, 0, -0.470273, 0, 1, 0, 0.470273, 0, -0.882521, -2.43727, 9.53674e-06, -1.8945 )
